date,cal_burned,steps,min_sed,min_light,min_fair,min_very
2018-11-05,3631.7,13234.7,675.3,228.9,16.3,58.3
2018-11-06,3631.7,13234.7,675.3,228.9,16.3,58.3
2018-11-07,3631.7,13234.7,675.3,228.9,16.3,58.3
2018-11-08,3631.7,13234.7,675.3,228.9,16.3,58.3
2018-11-09,3631.7,13234.7,675.3,228.9,16.3,58.3
2018-11-10,3631.7,13234.7,675.3,228.9,16.3,58.3
2018-11-11,3631.7,13234.7,675.3,228.9,16.3,58.3
2018-11-12,3631.7,13234.7,675.3,228.9,16.3,58.3
2018-11-13,3631.7,13234.7,675.3,228.9,16.3,58.3
2018-11-14,3631.7,13234.7,675.3,228.9,16.3,58.3
2018-11-15,3631.7,13234.7,675.3,228.9,16.3,58.3
2018-11-16,3631.7,13234.7,675.3,228.9,16.3,58.3
2018-11-17,3631.7,13234.7,675.3,228.9,16.3,58.3
2018-11-18,3631.7,13234.7,675.3,228.9,16.3,58.3
2018-11-19,3631.7,13234.7,675.3,228.9,16.3,58.3
2018-11-20,3631.7,13234.7,675.3,228.9,16.3,58.3
2018-11-21,3631.7,13234.7,675.3,228.9,16.3,58.3
2018-11-22,3631.7,13234.7,675.3,228.9,16.3,58.3
2018-11-23,3631.7,13234.7,675.3,228.9,16.3,58.3
2018-11-24,3631.7,13234.7,675.3,228.9,16.3,58.3
2018-11-25,3631.7,13234.7,675.3,228.9,16.3,58.3
2018-11-26,3631.7,13234.7,675.3,228.9,16.3,58.3
2018-11-27,3631.7,13234.7,675.3,228.9,16.3,58.3
2018-11-28,3631.7,13234.7,675.3,228.9,16.3,58.3
2018-11-29,3631.7,13234.7,675.3,228.9,16.3,58.3
2018-11-30,3631.7,13234.7,675.3,228.9,16.3,58.3
2018-12-01,3631.7,13234.7,675.3,228.9,16.3,58.3
2018-12-02,3631.7,13234.7,675.3,228.9,16.3,58.3
2018-12-03,3631.7,13234.7,675.3,228.9,16.3,58.3
2018-12-04,3631.7,13234.7,675.3,228.9,16.3,58.3
2018-12-05,3631.7,13234.7,675.3,228.9,16.3,58.3
2018-12-06,3631.7,13234.7,675.3,228.9,16.3,58.3
2018-12-07,3631.7,13234.7,675.3,228.9,16.3,58.3
2018-12-08,3631.7,13234.7,675.3,228.9,16.3,58.3
2018-12-09,3631.7,13234.7,675.3,228.9,16.3,58.3
2018-12-10,3631.7,13234.7,675.3,228.9,16.3,58.3
2018-12-11,3631.7,13234.7,675.3,228.9,16.3,58.3
2018-12-12,3631.7,13234.7,675.3,228.9,16.3,58.3
2018-12-13,3631.7,13234.7,675.3,228.9,16.3,58.3
2018-12-14,3631.7,13234.7,675.3,228.9,16.3,58.3
2018-12-15,3631.7,13234.7,675.3,228.9,16.3,58.3
2018-12-16,3631.7,13234.7,675.3,228.9,16.3,58.3
2018-12-17,3631.7,13234.7,675.3,228.9,16.3,58.3
2018-12-18,3631.7,13234.7,675.3,228.9,16.3,58.3
2018-12-19,3631.7,13234.7,675.3,228.9,16.3,58.3
2018-12-20,3631.7,13234.7,675.3,228.9,16.3,58.3
